# oST version 5.0 parameters


[image]

width
320

height
240

[narrow_stereo/left]

camera matrix
356.580626 0.000000 159.037497
0.000000 355.140325 116.769714
0.000000 0.000000 1.000000

distortion
0.185923 -0.580648 -0.009568 0.005932 0.000000

rectification
0.900282 0.013005 -0.435113
-0.014705 0.999892 -0.000541
0.435059 0.006885 0.900376

projection
1889.315181 0.000000 391.087136 0.000000
0.000000 1889.315181 114.514755 0.000000
0.000000 0.000000 1.000000 0.000000

# oST version 5.0 parameters


[image]

width
320

height
240

[narrow_stereo/right]

camera matrix
376.582379 0.000000 167.850772
0.000000 376.586819 120.264864
0.000000 0.000000 1.000000

distortion
0.217304 -0.746450 -0.000660 0.000223 0.000000

rectification
0.883946 0.023199 -0.467014
-0.021366 0.999729 0.009221
0.467101 0.001827 0.884202

projection
1889.315181 0.000000 391.087136 -141.663257
0.000000 1889.315181 114.514755 0.000000
0.000000 0.000000 1.000000 0.000000

