# oST version 5.0 parameters


[image]

width
320

height
240

[narrow_stereo]

camera matrix
360.380481 0.000000 152.338083
0.000000 359.725031 128.380574
0.000000 0.000000 1.000000

distortion
0.129557 -0.489930 0.004989 -0.004666 0.000000

rectification
1.000000 0.000000 0.000000
0.000000 1.000000 0.000000
0.000000 0.000000 1.000000

projection
361.430115 0.000000 150.645103 0.000000
0.000000 361.651245 128.554886 0.000000
0.000000 0.000000 1.000000 0.000000

