image_width: 320
image_height: 240
camera_name: left_camera
camera_matrix:
  rows: 3
  cols: 3
  data: [438.7134613345521, 0, 184.4336825502734, 0, 438.038305480314, 107.5682107712675, 0, 0, 1]
distortion_model: plumb_bob
distortion_coefficients:
  rows: 1
  cols: 5
  data: [0.349100983944886, -1.243839629148921, -0.005260654619747482, 0.02030292122329738, 0]
rectification_matrix:
  rows: 3
  cols: 3
  data: [0.9885323014104425, 0.03899586494516793, -0.145887667694539, -0.04544139532407994, 0.9981206829472296, -0.04111182146241166, 0.1440103074754537, 0.04726970266602858, 0.9884465623141649]
projection_matrix:
  rows: 3
  cols: 4
  data: [564.6186842374099, 0, 244.5923633575439, 0, 0, 564.6186842374099, 119.5960092544556, 0, 0, 0, 1, 0]