image_width: 320
image_height: 240
camera_name: left_camera
camera_matrix:
  rows: 3
  cols: 3
  data: [453.6501316076601, 0, 153.6760373306394, 0, 462.897923663951, 128.7193974971491, 0, 0, 1]
distortion_model: plumb_bob
distortion_coefficients:
  rows: 1
  cols: 5
  data: [0.372523718083543, -1.345141372811687, -0.001139905690784892, -0.006759078557527131, 0]
rectification_matrix:
  rows: 3
  cols: 3
  data: [0.8797770840497567, -0.02019591534072532, 0.4749572690089683, 0.003134361683416231, 0.9993218959005901, 0.03668683892743881, -0.4753761228309061, -0.03078755230934351, 0.879243804905701]
projection_matrix:
  rows: 3
  cols: 4
  data: [937.864003589505, 0, -103.9758148193359, 0, 0, 937.864003589505, 113.4453382492065, 0, 0, 0, 1, 0]