# oST version 5.0 parameters


[image]

width
320

height
240

[narrow_stereo/left]

camera matrix
438.713461 0.000000 184.433683
0.000000 438.038305 107.568211
0.000000 0.000000 1.000000

distortion
0.349101 -1.243840 -0.005261 0.020303 0.000000

rectification
0.988532 0.038996 -0.145888
-0.045441 0.998121 -0.041112
0.144010 0.047270 0.988447

projection
564.618684 0.000000 244.592363 0.000000
0.000000 564.618684 119.596009 0.000000
0.000000 0.000000 1.000000 0.000000

# oST version 5.0 parameters


[image]

width
320

height
240

[narrow_stereo/right]

camera matrix
428.814384 0.000000 156.690003
0.000000 430.507898 133.658381
0.000000 0.000000 1.000000

distortion
0.254932 -0.858299 0.020341 -0.003153 0.000000

rectification
0.988716 0.045047 -0.142867
-0.038653 0.998136 0.047220
0.144728 -0.041165 0.988615

projection
564.618684 0.000000 244.592363 35.259313
0.000000 564.618684 119.596009 0.000000
0.000000 0.000000 1.000000 0.000000

