image_width: 320
image_height: 240
camera_name: narrow_stereo/right
camera_matrix:
  rows: 3
  cols: 3
  data: [428.814384, 0.000000, 156.690003, 0.000000, 430.507898, 133.658381, 0.000000, 0.000000, 1.000000]
distortion_model: plumb_bob
distortion_coefficients:
  rows: 1
  cols: 5
  data: [0.254932, -0.858299, 0.020341, -0.003153, 0.000000]
rectification_matrix:
  rows: 3
  cols: 3
  data: [0.988716, 0.045047, -0.142867, -0.038653, 0.998136, 0.047220, 0.144728, -0.041165, 0.988615]
projection_matrix:
  rows: 3
  cols: 4
  data: [564.618684, 0.000000, 244.592363, 35.259313, 0.000000, 564.618684, 119.596009, 0.000000, 0.000000, 0.000000, 1.000000, 0.000000]
