image_width: 320
image_height: 240
camera_name: right_camera
camera_matrix:
  rows: 3
  cols: 3
  data: [424.6578026165234, 0, 184.6281229258379, 0, 428.3129364927331, 103.2797120811222, 0, 0, 1]
distortion_model: plumb_bob
distortion_coefficients:
  rows: 1
  cols: 5
  data: [0.2850441123536731, -0.6930933178785719, -0.01412757726196497, 0.02121282748688138, 0]
rectification_matrix:
  rows: 3
  cols: 3
  data: [0.8677799115124427, 0.01379811317889813, 0.4967571209838459, 0.004099034171416496, 0.9993817128565705, -0.03491976412762563, -0.4969318093001479, 0.03233889423851359, 0.8671868154124066]
projection_matrix:
  rows: 3
  cols: 4
  data: [937.864003589505, 0, -103.9758148193359, -68.04660258962556, 0, 937.864003589505, 113.4453382492065, 0, 0, 0, 1, 0]