# oST version 5.0 parameters


[image]

width
320

height
240

[narrow_stereo]

camera matrix
257.531290 0.000000 157.855477
0.000000 253.761148 118.780619
0.000000 0.000000 1.000000

distortion
0.024294 -0.094002 -0.000993 0.000939 0.000000

rectification
1.000000 0.000000 0.000000
0.000000 1.000000 0.000000
0.000000 0.000000 1.000000

projection
255.191928 0.000000 157.569354 0.000000
0.000000 252.522881 118.095632 0.000000
0.000000 0.000000 1.000000 0.000000

