# oST version 5.0 parameters


[image]

width
320

height
240

[narrow_stereo/left]

camera matrix
371.034655 0.000000 121.571539
0.000000 368.750670 99.983164
0.000000 0.000000 1.000000

distortion
0.239487 -0.257176 -0.042242 -0.037957 0.000000

rectification
0.884132 -0.450882 0.122542
0.451485 0.891945 0.024396
-0.120301 0.033756 0.992163

projection
2395.108013 0.000000 73.607489 0.000000
0.000000 2395.108013 72.784967 0.000000
0.000000 0.000000 1.000000 0.000000

# oST version 5.0 parameters


[image]

width
320

height
240

[narrow_stereo/right]

camera matrix
346.860668 0.000000 155.796170
0.000000 350.804944 115.920397
0.000000 0.000000 1.000000

distortion
0.252622 -0.727148 -0.035246 -0.015584 0.000000

rectification
0.879718 -0.428344 0.206440
0.427312 0.902613 0.051903
-0.208567 0.042554 0.977082

projection
2395.108013 0.000000 73.607489 -77.674319
0.000000 2395.108013 72.784967 0.000000
0.000000 0.000000 1.000000 0.000000

