image_width: 320
image_height: 240
camera_name: right_camera
camera_matrix:
  rows: 3
  cols: 3
  data: [428.8143843158975, 0, 156.6900028226679, 0, 430.5078975469244, 133.6583807449845, 0, 0, 1]
distortion_model: plumb_bob
distortion_coefficients:
  rows: 1
  cols: 5
  data: [0.2549319663895906, -0.8582992212416456, 0.02034069803891412, -0.003152868055959544, 0]
rectification_matrix:
  rows: 3
  cols: 3
  data: [0.988716204565483, 0.04504656777346897, -0.1428673285305498, -0.03865252552598945, 0.9981363757426717, 0.04722031014031056, 0.1447281904125403, -0.04116530275747585, 0.9886147726737633]
projection_matrix:
  rows: 3
  cols: 4
  data: [564.6186842374099, 0, 244.5923633575439, 35.25931271076277, 0, 564.6186842374099, 119.5960092544556, 0, 0, 0, 1, 0]