# oST version 5.0 parameters


[image]

width
320

height
240

[narrow_stereo]

camera matrix
371.123211 0.000000 161.041750
0.000000 372.029323 127.404879
0.000000 0.000000 1.000000

distortion
0.141695 -0.532826 0.009714 -0.003728 0.000000

rectification
1.000000 0.000000 0.000000
0.000000 1.000000 0.000000
0.000000 0.000000 1.000000

projection
373.523071 0.000000 159.764739 0.000000
0.000000 374.249420 128.176891 0.000000
0.000000 0.000000 1.000000 0.000000

