%YAML:1.0
calibration_time: "Tue Sep 15 11:27:39 2015"
nframes: 1
image_width: 320
image_height: 240
board_width: 5
board_height: 4
square_size: 2.5000000372529030e-02
flags: 0
camera_matrix: !!opencv-matrix
   rows: 3
   cols: 3
   dt: d
   data: [ 3.4812671934316961e+02, 0., 2.0812384022058652e+02, 0.,
       3.3259774153062568e+02, 1.0978736156930154e+02, 0., 0., 1. ]
distortion_coefficients: !!opencv-matrix
   rows: 5
   cols: 1
   dt: d
   data: [ -8.6378073282117579e-02, 8.9844410610172598e-01,
       -9.0333617292721324e-03, 9.8316475202770825e-03,
       -1.6969204049135416e+00 ]
avg_reprojection_error: 1.1696294691696883e-01
per_view_reprojection_errors: !!opencv-matrix
   rows: 1
   cols: 1
   dt: f
   data: [ 1.16962947e-01 ]
# a set of 6-tuples (rotation vector + translation vector) for each view
extrinsic_parameters: !!opencv-matrix
   rows: 1
   cols: 6
   dt: d
   data: [ -6.6367465090189884e-02, 2.4431203747604507e-01,
       -2.6909810977883385e-02, -1.1275667413255305e-01,
       -5.1069844374740110e-02, 2.3799991782793661e-01 ]
image_points: !!opencv-matrix
   rows: 1
   cols: 20
   dt: "2f"
   data: [ 4.34780502e+01, 3.74305153e+01, 7.57878952e+01,
       3.45690994e+01, 1.09810562e+02, 3.16443787e+01, 1.45290604e+02,
       2.84158173e+01, 1.82649017e+02, 2.46423740e+01, 4.33501091e+01,
       7.23842239e+01, 7.60039291e+01, 7.03786469e+01, 1.09995537e+02,
       6.84698944e+01, 1.45392807e+02, 6.59757843e+01, 1.82941681e+02,
       6.34082832e+01, 4.33480873e+01, 1.07436203e+02, 7.59699783e+01,
       1.06367752e+02, 1.10089539e+02, 1.05164955e+02, 1.45664978e+02,
       1.03810242e+02, 1.83580200e+02, 1.02415703e+02, 4.31928139e+01,
       1.42774185e+02, 7.57570419e+01, 1.42558502e+02, 1.10100655e+02,
       1.42412842e+02, 1.46202942e+02, 1.42170410e+02, 1.84459167e+02,
       1.41929291e+02 ]
