# oST version 5.0 parameters


[image]

width
320

height
240

[narrow_stereo/left]

camera matrix
403.551338 0.000000 141.057159
0.000000 401.848321 122.037508
0.000000 0.000000 1.000000

distortion
0.299828 -0.717423 -0.001800 -0.021340 0.000000

rectification
0.791627 0.610909 -0.010856
-0.610850 0.791701 0.008443
0.013753 -0.000052 0.999905

projection
4643.115228 0.000000 136.278165 0.000000
0.000000 4643.115228 90.607765 0.000000
0.000000 0.000000 1.000000 0.000000

# oST version 5.0 parameters


[image]

width
320

height
240

[narrow_stereo/right]

camera matrix
395.355244 0.000000 157.485845
0.000000 395.196358 115.994445
0.000000 0.000000 1.000000

distortion
0.388971 -1.432607 -0.011483 -0.014475 0.000000

rectification
0.818023 0.571804 0.062274
-0.573957 0.804404 0.153324
0.037578 -0.161165 0.986212

projection
4643.115228 0.000000 136.278165 0.000000
0.000000 4643.115228 90.607765 541.874714
0.000000 0.000000 1.000000 0.000000

