# oST version 5.0 parameters


[image]

width
320

height
240

[narrow_stereo/left]

camera matrix
453.650132 0.000000 153.676037
0.000000 462.897924 128.719397
0.000000 0.000000 1.000000

distortion
0.372524 -1.345141 -0.001140 -0.006759 0.000000

rectification
0.879777 -0.020196 0.474957
0.003134 0.999322 0.036687
-0.475376 -0.030788 0.879244

projection
937.864004 0.000000 -103.975815 0.000000
0.000000 937.864004 113.445338 0.000000
0.000000 0.000000 1.000000 0.000000

# oST version 5.0 parameters


[image]

width
320

height
240

[narrow_stereo/right]

camera matrix
424.657803 0.000000 184.628123
0.000000 428.312936 103.279712
0.000000 0.000000 1.000000

distortion
0.285044 -0.693093 -0.014128 0.021213 0.000000

rectification
0.867780 0.013798 0.496757
0.004099 0.999382 -0.034920
-0.496932 0.032339 0.867187

projection
937.864004 0.000000 -103.975815 -68.046603
0.000000 937.864004 113.445338 0.000000
0.000000 0.000000 1.000000 0.000000

