image_width: 320
image_height: 240
camera_name: narrow_stereo/right
camera_matrix:
  rows: 3
  cols: 3
  data: [424.657803, 0.000000, 184.628123, 0.000000, 428.312936, 103.279712, 0.000000, 0.000000, 1.000000]
distortion_model: plumb_bob
distortion_coefficients:
  rows: 1
  cols: 5
  data: [0.285044, -0.693093, -0.014128, 0.021213, 0.000000]
rectification_matrix:
  rows: 3
  cols: 3
  data: [0.867780, 0.013798, 0.496757, 0.004099, 0.999382, -0.034920, -0.496932, 0.032339, 0.867187]
projection_matrix:
  rows: 3
  cols: 4
  data: [937.864004, 0.000000, -103.975815, -68.046603, 0.000000, 937.864004, 113.445338, 0.000000, 0.000000, 0.000000, 1.000000, 0.000000]
